application_id,age,income,employment_length,loan_amount,loan_duration_months,collateral_value,collateral_type,co_loaners,credit_score,existing_debt,assets_owned,current_loans,customer_type,DTI,LTV,CCR,ITI,CWI,currency_code,session_user_name,session_user_email,session_flagged,created_at
APP_0001,64,102035.0,0,81788.0,72,172085.0,car,0,501,322.0,260344.0,3,bank,0.0031557798794530976,0.47527675276752496,2.1040372670807197,0.011132890130138249,1.1005531684871177,USD,dzoan,dzoan@gmail.com,False,2025-10-29T08:29:48.391888
APP_0002,55,122374.0,9,74987.0,36,54343.0,land,0,304,28321.0,72216.0,2,bank,0.231429878895842,1.3798833336400018,0.724698947817612,0.017021362562017625,0.0,USD,dzoan,dzoan@gmail.com,False,2025-10-29T08:29:48.391888
APP_0003,35,117380.0,15,58040.0,72,65541.0,deposit,0,321,37295.0,236344.0,4,bank,0.31772874424944353,0.8855525548892924,1.1292384562370585,0.006867533745952532,0.08817568382814336,USD,dzoan,dzoan@gmail.com,False,2025-10-29T08:29:48.391888
APP_0004,63,41819.0,27,89208.0,60,69918.0,car,0,484,27545.0,173174.0,0,bank,0.658671895549854,1.2758946194112921,0.7837637880010673,0.035553217436456744,0.0,USD,dzoan,dzoan@gmail.com,False,2025-10-29T08:29:48.391888
APP_0005,42,128256.0,22,17185.0,48,42058.0,real_estate,2,549,19197.0,229870.0,0,non-bank,0.14967720808383117,0.4086024062009509,2.4473668897292726,0.002791454850657059,1.2307290546016865,USD,dzoan,dzoan@gmail.com,False,2025-10-29T08:29:48.391888
APP_0006,43,92008.0,23,92500.0,72,37844.0,deposit,0,738,41427.0,229106.0,4,bank,0.4502543257108028,2.4442447944191303,0.4091243243243199,0.013963157792848065,0.0,USD,dzoan,dzoan@gmail.com,False,2025-10-29T08:29:48.391888
APP_0007,40,65385.0,16,85771.0,48,74626.0,real_estate,0,373,18551.0,164405.0,1,bank,0.2837195075323043,1.1493447323988804,0.8700609763206576,0.02732883433962039,0.0,USD,dzoan,dzoan@gmail.com,False,2025-10-29T08:29:48.391888
APP_0008,27,89277.0,3,52845.0,60,175868.0,land,0,761,35526.0,84652.0,1,bank,0.39793003797170157,0.3004810426001302,3.327996972277352,0.009865362859250546,1.2634780563594437,USD,dzoan,dzoan@gmail.com,False,2025-10-29T08:29:48.391888
APP_0009,62,145872.0,11,74672.0,24,8294.0,real_estate,0,428,23207.0,162593.0,3,non-bank,0.15909153230229134,9.003134796237159,0.1110724233983272,0.021329201856447252,0.0,USD,dzoan,dzoan@gmail.com,False,2025-10-29T08:29:48.391888
APP_0010,21,132196.0,29,54426.0,72,62383.0,real_estate,0,376,1328.0,249769.0,0,bank,0.010045689733426049,0.8724492249490908,1.146198508065977,0.005718150826471013,0.14472984321449017,USD,dzoan,dzoan@gmail.com,False,2025-10-29T08:29:48.391888
APP_0011,28,129212.0,1,30532.0,48,19640.0,deposit,1,684,26525.0,291491.0,2,bank,0.20528279107203506,1.5545824847249716,0.6432595309838647,0.004922788389004711,0.0,USD,dzoan,dzoan@gmail.com,False,2025-10-29T08:29:48.391888
APP_0012,31,82849.0,26,80987.0,60,115805.0,real_estate,1,725,2472.0,278976.0,1,bank,0.029837415056306896,0.69933940676136,1.4299208514946666,0.016292089624628185,0.4170931246072799,USD,dzoan,dzoan@gmail.com,False,2025-10-29T08:29:48.391888
APP_0013,33,123017.0,20,28362.0,36,56115.0,land,1,632,46547.0,62625.0,0,bank,0.37837859807993707,0.5054263565891383,1.9785276073618934,0.006404263909146238,0.6082737031058182,USD,dzoan,dzoan@gmail.com,False,2025-10-29T08:29:48.391888
APP_0014,26,73136.0,8,34872.0,72,160059.0,land,2,363,30077.0,183244.0,4,bank,0.41124753883175985,0.21786966056266616,4.589900206469243,0.006622365638353203,1.3814434868942442,USD,dzoan,dzoan@gmail.com,False,2025-10-29T08:29:48.391888
APP_0015,21,110770.0,23,54332.0,12,120323.0,real_estate,2,363,18601.0,40332.0,0,bank,0.16792452830188528,0.451551241242319,2.2145880880512,0.04087448466452397,1.0106289562841355,USD,dzoan,dzoan@gmail.com,False,2025-10-29T08:29:48.391888
APP_0016,50,104945.0,25,84551.0,12,158494.0,real_estate,2,514,24309.0,203994.0,0,non-bank,0.23163561865738974,0.5334649892109448,1.8745372615344362,0.06713913636742522,0.6719632819199814,USD,dzoan,dzoan@gmail.com,False,2025-10-29T08:29:48.391888
APP_0017,63,56224.0,1,41472.0,48,129902.0,deposit,0,547,30958.0,297777.0,3,bank,0.5506189527603773,0.31925605456420747,3.132282021604863,0.015367103016184987,0.917740281305907,USD,dzoan,dzoan@gmail.com,False,2025-10-29T08:29:48.391888
APP_0018,26,58307.0,3,51943.0,60,92170.0,land,0,849,13009.0,25247.0,4,non-bank,0.22311214776956073,0.5635564717370015,1.774445064782516,0.014847559755299078,0.6016569630493758,USD,dzoan,dzoan@gmail.com,False,2025-10-29T08:29:48.391888
APP_0019,34,32641.0,19,8958.0,60,173305.0,real_estate,0,457,14419.0,200406.0,0,bank,0.44174504457582664,0.05168921842993537,19.34639428443633,0.004574002021920502,1.5881975792809784,USD,dzoan,dzoan@gmail.com,False,2025-10-29T08:29:48.391888
APP_0020,43,42471.0,29,16006.0,36,99441.0,deposit,0,405,20932.0,284200.0,3,bank,0.49285394739939037,0.1609597650868338,6.212732725227651,0.010468581175360843,1.2765478293279013,USD,dzoan,dzoan@gmail.com,False,2025-10-29T08:29:48.391888
APP_0021,61,79202.0,0,10314.0,48,190387.0,car,0,820,12928.0,255683.0,2,bank,0.16322820130804572,0.054173866913181816,18.45908473918766,0.0027129996716689065,2.3743219038987378,USD,dzoan,dzoan@gmail.com,False,2025-10-29T08:29:48.391888
APP_0022,51,84734.0,19,11845.0,48,198982.0,real_estate,1,384,37895.0,123820.0,4,bank,0.447223074562744,0.05952799750731192,16.79881806669339,0.002912300060521035,1.559613665993182,USD,dzoan,dzoan@gmail.com,False,2025-10-29T08:29:48.391888
APP_0023,54,45640.0,4,87509.0,72,121092.0,deposit,0,314,5190.0,40137.0,0,bank,0.11371603856266184,0.7226654114227139,1.383766241186605,0.026630209854532662,0.3401258645047987,USD,dzoan,dzoan@gmail.com,False,2025-10-29T08:29:48.391888
APP_0024,46,77111.0,19,84989.0,48,137522.0,real_estate,0,532,41330.0,277931.0,4,bank,0.5359805993956693,0.6180029377117798,1.6181152855075172,0.02296175858995158,0.2868174842855817,USD,dzoan,dzoan@gmail.com,False,2025-10-29T08:29:48.391888
APP_0025,39,100522.0,18,83079.0,36,57087.0,land,0,520,17426.0,277183.0,3,bank,0.17335508644873585,1.4553050606968057,0.6871411548044549,0.02295766100889231,0.0,USD,dzoan,dzoan@gmail.com,False,2025-10-29T08:29:48.391888
APP_0026,29,54071.0,2,10278.0,72,164410.0,deposit,0,640,28061.0,177903.0,4,non-bank,0.5189658042203673,0.06251444559333336,15.99630278264098,0.002640047345120577,1.352887829157102,USD,dzoan,dzoan@gmail.com,False,2025-10-29T08:29:48.391888
APP_0027,59,67279.0,20,12376.0,12,136945.0,land,0,782,7887.0,293879.0,1,bank,0.11722825844617016,0.09037204717222178,11.065368455073443,0.015329201284908717,2.4089815562514683,USD,dzoan,dzoan@gmail.com,False,2025-10-29T08:29:48.391888
APP_0028,56,70938.0,26,31658.0,72,181290.0,land,1,813,19268.0,11339.0,4,non-bank,0.27161746877554666,0.1746262893706207,5.726514625055097,0.006198292092226047,1.8035633776630404,USD,dzoan,dzoan@gmail.com,False,2025-10-29T08:29:48.391888
APP_0029,22,88131.0,25,58703.0,12,59265.0,car,0,459,37729.0,188817.0,3,non-bank,0.42810134912799774,0.9905171686492704,1.0095736163398632,0.055507331883888206,0.005475138268753304,USD,dzoan,dzoan@gmail.com,False,2025-10-29T08:29:48.391888
APP_0030,52,70799.0,0,36742.0,24,159217.0,real_estate,1,839,13534.0,21177.0,0,bank,0.19116089210299309,0.23076681510140104,4.333378694681718,0.021623422175494806,1.8665576491144684,USD,dzoan,dzoan@gmail.com,False,2025-10-29T08:29:48.391888
APP_0031,24,117118.0,7,51318.0,60,98292.0,land,0,647,6613.0,281351.0,4,bank,0.056464420498983446,0.522097424001948,1.915351338711526,0.007302891101160691,0.8636665558182389,USD,dzoan,dzoan@gmail.com,False,2025-10-29T08:29:48.391888
APP_0032,53,65936.0,7,21434.0,60,43554.0,deposit,0,338,26095.0,207321.0,3,bank,0.39576255763163676,0.49212471873994373,2.0320052253428185,0.005417879964319553,0.6235761978719728,USD,dzoan,dzoan@gmail.com,False,2025-10-29T08:29:48.391888
APP_0033,57,79237.0,13,74423.0,72,40869.0,real_estate,0,816,8124.0,274894.0,1,bank,0.1025278594595946,1.8210134821013038,0.5491447536379809,0.013045077145316056,0.0,USD,dzoan,dzoan@gmail.com,False,2025-10-29T08:29:48.391888
APP_0034,26,72433.0,4,34819.0,60,115936.0,deposit,1,375,15737.0,173173.0,2,bank,0.21726284980602462,0.30032949213358834,3.3296763261436766,0.008011771798171922,1.6429742982063795,USD,dzoan,dzoan@gmail.com,False,2025-10-29T08:29:48.391888
APP_0035,40,47864.0,25,11321.0,48,69334.0,car,1,623,22523.0,34146.0,1,bank,0.4705624268761393,0.1632820838261147,6.124370638635622,0.004927589977054741,1.3289697087850674,USD,dzoan,dzoan@gmail.com,False,2025-10-29T08:29:48.391888
APP_0036,26,110717.0,23,75555.0,36,27563.0,land,0,734,28204.0,17694.0,2,non-bank,0.25473956122365804,2.741174763269501,0.3648070941698052,0.01895598688495608,0.0,USD,dzoan,dzoan@gmail.com,False,2025-10-29T08:29:48.391888
APP_0037,45,54430.0,24,90764.0,12,90012.0,real_estate,1,437,31968.0,107316.0,4,non-bank,0.5873231673709244,1.0083544416299937,0.9917147767837359,0.13896135708315677,0.0,USD,dzoan,dzoan@gmail.com,False,2025-10-29T08:29:48.391888
APP_0038,61,62109.0,5,6394.0,12,133361.0,land,0,448,33832.0,225603.0,4,bank,0.5447197668614767,0.04794505140183376,20.857209884263238,0.008579003579013058,1.3003553968753738,USD,dzoan,dzoan@gmail.com,False,2025-10-29T08:29:48.391888
APP_0039,24,124093.0,0,46483.0,24,69238.0,real_estate,1,561,42214.0,53799.0,1,non-bank,0.34018034860950785,0.6713509922296907,1.4895338080588283,0.0156075819472972,0.32300402657725985,USD,dzoan,dzoan@gmail.com,False,2025-10-29T08:29:48.391888
APP_0040,38,143607.0,27,83581.0,12,191427.0,car,0,786,3303.0,257122.0,4,bank,0.023000271574505262,0.4366207483792755,2.2903171773488915,0.04850100157201851,1.2606395318526349,USD,dzoan,dzoan@gmail.com,False,2025-10-29T08:29:48.391888
APP_0041,63,108855.0,8,72085.0,48,157673.0,land,0,422,18116.0,79450.0,2,bank,0.16642322355426792,0.45718036696200076,2.1873205243809086,0.01379606663269517,0.989722815321311,USD,dzoan,dzoan@gmail.com,False,2025-10-29T08:29:48.391888
APP_0042,34,139543.0,19,86372.0,60,106444.0,real_estate,1,664,53.0,153961.0,3,bank,0.0003798112409794803,0.8114313629701927,1.2323901264298471,0.010316055504821675,0.23230186204755748,USD,dzoan,dzoan@gmail.com,False,2025-10-29T08:29:48.391888
APP_0043,26,131773.0,27,44444.0,72,187453.0,car,0,548,472.0,68893.0,3,bank,0.003581917388235803,0.23709409825396108,4.217734677346679,0.004684402554159045,2.280519707492961,USD,dzoan,dzoan@gmail.com,False,2025-10-29T08:29:48.391888
APP_0044,42,85113.0,1,40364.0,36,91130.0,land,0,361,10613.0,145069.0,2,bank,0.12469305511496334,0.44292768572368657,2.257704885541516,0.013173336883802286,1.1008778209303602,USD,dzoan,dzoan@gmail.com,False,2025-10-29T08:29:48.391888
APP_0045,43,121286.0,0,72371.0,72,34816.0,real_estate,0,690,29907.0,141130.0,2,bank,0.2465824579918519,2.0786707261028816,0.4810766743585071,0.00828745921016283,0.0,USD,dzoan,dzoan@gmail.com,False,2025-10-29T08:29:48.391888
APP_0046,50,66045.0,0,19593.0,72,14881.0,car,0,757,44725.0,11587.0,2,bank,0.6771897948368434,1.316645386734674,0.7595059460010841,0.004120296767298302,0.0,USD,dzoan,dzoan@gmail.com,False,2025-10-29T08:29:48.391888
APP_0047,34,82562.0,4,27745.0,72,188100.0,car,1,616,38677.0,174665.0,4,bank,0.4684600663743554,0.14750132908027566,6.7795999279146955,0.004667367823173681,1.3594112608698614,USD,dzoan,dzoan@gmail.com,False,2025-10-29T08:29:48.391888
APP_0048,63,91929.0,1,62079.0,36,192276.0,land,1,396,32314.0,238128.0,1,non-bank,0.3515104047688939,0.32286400798851483,3.0972792731841188,0.01875813580718541,1.3173469361278245,USD,dzoan,dzoan@gmail.com,False,2025-10-29T08:29:48.391888
APP_0049,43,145061.0,24,68503.0,24,149936.0,deposit,1,385,38908.0,281520.0,1,bank,0.26821819786158746,0.456881602817199,2.188750857626641,0.019676492417312154,0.8699062448876226,USD,dzoan,dzoan@gmail.com,False,2025-10-29T08:29:48.391888
APP_0050,33,131070.0,18,16368.0,72,27776.0,deposit,0,532,8598.0,105907.0,1,non-bank,0.06559853513389742,0.5892857142856931,1.6969696969695933,0.0017344421555670572,0.6512495058157622,USD,dzoan,dzoan@gmail.com,False,2025-10-29T08:29:48.391888
APP_0051,63,86156.0,29,53289.0,24,64380.0,real_estate,0,578,41991.0,265370.0,0,non-bank,0.4873833511305018,0.8277260018639201,1.2081292574452287,0.025771565531216147,0.10669052248328774,USD,dzoan,dzoan@gmail.com,False,2025-10-29T08:29:48.391888
APP_0052,61,106573.0,24,39667.0,36,15887.0,real_estate,0,603,44513.0,264841.0,1,non-bank,0.4176761468664632,2.49682130043416,0.4005092394181461,0.010339026874353669,0.0,USD,dzoan,dzoan@gmail.com,False,2025-10-29T08:29:48.391888
APP_0053,42,50294.0,28,52665.0,12,17839.0,real_estate,0,434,4752.0,296630.0,0,bank,0.09448443154252806,2.9522394753067465,0.33872590904774824,0.08726190002056276,0.0,USD,dzoan,dzoan@gmail.com,False,2025-10-29T08:29:48.391888
APP_0054,22,125548.0,7,96050.0,60,55244.0,land,0,575,23497.0,118187.0,0,bank,0.18715551024309277,1.7386503511693263,0.5751587714731851,0.012750767302598527,0.0,USD,dzoan,dzoan@gmail.com,False,2025-10-29T08:29:48.391888
APP_0055,47,94129.0,8,12277.0,48,117851.0,real_estate,1,462,41501.0,256758.0,3,bank,0.4408949420476108,0.10417391451918011,9.599332084384654,0.0027172373373562033,1.5025826863140472,USD,dzoan,dzoan@gmail.com,False,2025-10-29T08:29:48.391888
APP_0056,45,91590.0,25,99569.0,12,20581.0,real_estate,1,677,23804.0,173872.0,0,bank,0.25989736870837143,4.837908750789328,0.20670088079622967,0.09059304144530106,0.0,USD,dzoan,dzoan@gmail.com,False,2025-10-29T08:29:48.391888
APP_0057,27,120785.0,7,47709.0,24,197043.0,deposit,1,738,42023.0,26898.0,2,bank,0.3479157180113396,0.24212481539562308,4.130101238759896,0.01645796249465708,1.4825954867693059,USD,dzoan,dzoan@gmail.com,False,2025-10-29T08:29:48.391888
APP_0058,48,104114.0,1,78349.0,48,95382.0,deposit,0,658,46777.0,88399.0,3,bank,0.4492863591831987,0.8214233293493445,1.2173990733767983,0.01567772665827182,0.11972463520954843,USD,dzoan,dzoan@gmail.com,False,2025-10-29T08:29:48.391888
APP_0059,57,34058.0,20,45324.0,48,58658.0,deposit,0,300,23733.0,204894.0,3,non-bank,0.6968406835398234,0.7726823280711792,1.2941929220721629,0.027724763637920622,0.08918732516283072,USD,dzoan,dzoan@gmail.com,False,2025-10-29T08:29:48.391888
APP_0060,25,61019.0,24,34541.0,60,107088.0,car,0,845,2974.0,56570.0,2,non-bank,0.04873891738638705,0.32254781114597036,3.100315567007235,0.009434493081232556,1.933301707764738,USD,dzoan,dzoan@gmail.com,False,2025-10-29T08:29:48.391888
APP_0061,52,47089.0,29,78206.0,24,159709.0,land,0,313,17002.0,136072.0,0,bank,0.3610609696532022,0.489678102048097,2.0421578906988973,0.06920052099635775,0.6658753521514297,USD,dzoan,dzoan@gmail.com,False,2025-10-29T08:29:48.391888
APP_0062,27,116861.0,27,70328.0,72,68013.0,land,0,849,10758.0,234723.0,4,bank,0.09205808610229167,1.0340376104568092,0.9670828119667704,0.008358458149119063,0.0,USD,dzoan,dzoan@gmail.com,False,2025-10-29T08:29:48.391888
APP_0063,53,29393.0,3,18685.0,36,17122.0,real_estate,0,317,23705.0,53430.0,4,bank,0.8064845371346645,1.0912860647120026,0.9163500133796673,0.01765821038217748,0.0,USD,dzoan,dzoan@gmail.com,False,2025-10-29T08:29:48.391888
APP_0064,39,50300.0,23,72013.0,60,17784.0,land,0,584,29288.0,154011.0,3,bank,0.5822664015904457,4.049313990103236,0.24695541082859696,0.023861166334923245,0.0,USD,dzoan,dzoan@gmail.com,False,2025-10-29T08:29:48.391888
APP_0065,21,99680.0,25,76542.0,24,171581.0,land,2,358,23194.0,72309.0,0,bank,0.23268459069020633,0.4460983442222598,2.2416581745969237,0.0319948836262749,0.9527434504637043,USD,dzoan,dzoan@gmail.com,False,2025-10-29T08:29:48.391888
APP_0066,63,111849.0,20,41844.0,12,29427.0,car,0,352,9774.0,165581.0,0,bank,0.08738567175388168,1.4219594250177925,0.703254946945782,0.031175960444075362,0.0,USD,dzoan,dzoan@gmail.com,False,2025-10-29T08:29:48.391888
APP_0067,28,87913.0,24,92936.0,12,130028.0,deposit,2,675,15058.0,79806.0,1,bank,0.1712829729391538,0.7147383640446617,1.3991133683394874,0.08809466934379659,0.3307520440705558,USD,dzoan,dzoan@gmail.com,False,2025-10-29T08:29:48.391888
APP_0068,47,132589.0,25,65884.0,36,81824.0,land,0,700,33976.0,289970.0,0,bank,0.25625051851963393,0.8051916308173542,1.241940380061908,0.013802887954960527,0.17994303222022726,USD,dzoan,dzoan@gmail.com,False,2025-10-29T08:29:48.391888
APP_0069,28,139867.0,13,36694.0,72,157283.0,land,0,365,1349.0,32243.0,4,non-bank,0.009644876918787066,0.23329921224798464,4.286341091186453,0.0036437393300907785,2.27791815906183,USD,dzoan,dzoan@gmail.com,False,2025-10-29T08:29:48.391888
APP_0070,62,41512.0,1,6019.0,12,19621.0,land,0,837,10704.0,289438.0,1,bank,0.2578531508961202,0.30676316191833713,3.259843827877843,0.012082851543927603,1.5434506051951278,USD,dzoan,dzoan@gmail.com,False,2025-10-29T08:29:48.391888
APP_0071,53,144063.0,13,69121.0,36,180376.0,deposit,0,476,44617.0,239643.0,1,non-bank,0.3097047819356788,0.38320508271610204,2.6095687273042545,0.013327695367474166,1.1110775956040162,USD,dzoan,dzoan@gmail.com,False,2025-10-29T08:29:48.391888
APP_0072,56,101797.0,6,24860.0,12,142052.0,land,0,475,4957.0,258136.0,4,bank,0.04869495171763363,0.17500633570804935,5.71407884151224,0.020350959915262798,2.3544619129257014,USD,dzoan,dzoan@gmail.com,False,2025-10-29T08:29:48.391888
APP_0073,40,104527.0,3,76870.0,72,94261.0,car,0,463,20737.0,256937.0,4,bank,0.19838893300295427,0.8155016390659889,1.226239104982422,0.010214001060721635,0.18135577034143485,USD,dzoan,dzoan@gmail.com,False,2025-10-29T08:29:48.391888
APP_0074,41,36886.0,3,54883.0,60,47747.0,deposit,1,553,10349.0,64406.0,1,non-bank,0.28056715284931194,1.1494544159842264,0.8699779531002156,0.02479847819366146,0.0,USD,dzoan,dzoan@gmail.com,False,2025-10-29T08:29:48.391888
APP_0075,48,102733.0,20,49339.0,60,195611.0,land,0,397,5232.0,280016.0,1,non-bank,0.05092813409517827,0.25223019155364346,3.9646324408681983,0.008004406243884179,2.1290618621084243,USD,dzoan,dzoan@gmail.com,False,2025-10-29T08:29:48.391888
APP_0076,55,115714.0,15,20556.0,60,65997.0,deposit,0,533,21136.0,182339.0,2,non-bank,0.18265724112898885,0.3114687031228645,3.2105954465847826,0.002960748051180385,1.6882982092757797,USD,dzoan,dzoan@gmail.com,False,2025-10-29T08:29:48.391888
APP_0077,58,97598.0,16,72593.0,48,102178.0,real_estate,0,415,26072.0,289025.0,3,non-bank,0.2671366216520803,0.7104562626005528,1.4075461821387543,0.01549574957104801,0.29867567187502136,USD,dzoan,dzoan@gmail.com,False,2025-10-29T08:29:48.391888
APP_0078,21,35561.0,22,20761.0,60,83672.0,car,0,328,8806.0,264662.0,4,bank,0.24763083152891519,0.24812362558561707,4.030249024613264,0.009730228808551223,1.69706580783361,USD,dzoan,dzoan@gmail.com,False,2025-10-29T08:29:48.391888
APP_0079,50,90403.0,16,44686.0,12,52265.0,deposit,0,502,3889.0,178086.0,4,bank,0.0430184838998701,0.8549889983736563,1.1696056930582024,0.04119147963035488,0.16230951328209148,USD,dzoan,dzoan@gmail.com,False,2025-10-29T08:29:48.391888
APP_0080,25,141992.0,18,84448.0,72,87989.0,land,0,669,6734.0,118594.0,4,bank,0.0474252070539182,0.9597563331779999,1.0419311292155995,0.008260246273540696,0.0399425367305674,USD,dzoan,dzoan@gmail.com,False,2025-10-29T08:29:48.391888
APP_0081,33,115427.0,2,92434.0,60,37085.0,deposit,2,719,32577.0,44013.0,0,bank,0.28223032739306847,2.492490225158353,0.4012051842395612,0.013346675098902139,0.0,USD,dzoan,dzoan@gmail.com,False,2025-10-29T08:29:48.391888
APP_0082,57,42175.0,25,98967.0,60,8318.0,real_estate,1,494,43014.0,39320.0,1,bank,1.0198933017190037,11.897932195237809,0.08404821809289881,0.03910966212145751,0.0,USD,dzoan,dzoan@gmail.com,False,2025-10-29T08:29:48.391888
APP_0083,32,144992.0,13,96011.0,36,63678.0,real_estate,1,478,9014.0,123015.0,2,bank,0.06216894725226177,1.50775778133733,0.6632365041505591,0.018393926714219553,0.0,USD,dzoan,dzoan@gmail.com,False,2025-10-29T08:29:48.391888
APP_0084,56,144860.0,4,57817.0,60,29517.0,deposit,0,733,16019.0,245179.0,0,non-bank,0.11058263150628117,1.9587695226478992,0.5105245861943631,0.006652054857452712,0.0,USD,dzoan,dzoan@gmail.com,False,2025-10-29T08:29:48.391888
APP_0085,41,46174.0,24,24045.0,36,87637.0,car,0,674,17190.0,156549.0,1,non-bank,0.3722874344869327,0.2743704143227144,3.644707839467513,0.014465211301773705,1.3664604265130191,USD,dzoan,dzoan@gmail.com,False,2025-10-29T08:29:48.391888
APP_0086,31,125110.0,22,84711.0,12,173650.0,land,1,757,18037.0,149711.0,0,non-bank,0.14416913116457403,0.48782608695651897,2.049910873440261,0.05642434657031151,0.8985461350161544,USD,dzoan,dzoan@gmail.com,False,2025-10-29T08:29:48.391888
APP_0087,35,75839.0,1,81154.0,72,39213.0,car,0,798,12215.0,80891.0,4,bank,0.16106488745895697,2.0695687654603816,0.48319244892426144,0.014862259376748366,0.0,USD,dzoan,dzoan@gmail.com,False,2025-10-29T08:29:48.391888
APP_0088,44,99210.0,5,99080.0,24,8236.0,car,0,751,2763.0,173673.0,0,bank,0.027850015119443322,12.030111704709563,0.08312474767864268,0.04161206867413847,0.0,USD,dzoan,dzoan@gmail.com,False,2025-10-29T08:29:48.391888
APP_0089,54,80648.0,0,66840.0,12,29330.0,deposit,0,815,26257.0,195041.0,0,non-bank,0.3255753397480368,2.278895329014583,0.43880909634948473,0.06906556888621868,0.0,USD,dzoan,dzoan@gmail.com,False,2025-10-29T08:29:48.391888
APP_0090,47,122828.0,8,18451.0,48,105568.0,real_estate,1,529,17868.0,294821.0,0,bank,0.14547171654671454,0.1747783419217928,5.721532708253985,0.0031295456518491056,2.1155257408381334,USD,dzoan,dzoan@gmail.com,False,2025-10-29T08:29:48.391888
APP_0091,62,149582.0,2,52775.0,24,60768.0,deposit,0,517,17112.0,221530.0,0,non-bank,0.1143987912984175,0.8684669562927715,1.1514542870677187,0.014700688139225947,0.1341280996902393,USD,dzoan,dzoan@gmail.com,False,2025-10-29T08:29:48.391888
APP_0092,59,124389.0,21,47583.0,72,101984.0,deposit,1,476,13240.0,186091.0,2,bank,0.10644028008907454,0.4665731879510466,2.143286467856122,0.005312969796290796,1.021594735995495,USD,dzoan,dzoan@gmail.com,False,2025-10-29T08:29:48.391888
APP_0093,54,141421.0,15,85079.0,36,13615.0,land,1,429,46466.0,273922.0,1,bank,0.32856506459436485,6.248916636062707,0.16002773892499722,0.0167111359380141,0.0,USD,dzoan,dzoan@gmail.com,False,2025-10-29T08:29:48.391888
APP_0094,47,143253.0,29,42294.0,12,71954.0,car,0,711,30524.0,133244.0,4,bank,0.21307756207548734,0.5877922005725799,1.7012815056508797,0.024603324186622737,0.5518541520981927,USD,dzoan,dzoan@gmail.com,False,2025-10-29T08:29:48.391888
APP_0095,33,36263.0,22,36216.0,72,86745.0,real_estate,1,692,20934.0,281135.0,1,bank,0.577282629677617,0.4174995676984216,2.395212060967462,0.013870887681465958,0.5897803734542544,USD,dzoan,dzoan@gmail.com,False,2025-10-29T08:29:48.391888
APP_0096,39,56672.0,18,12604.0,48,90814.0,land,0,740,10269.0,117295.0,2,bank,0.1812005928853723,0.1387891734754538,7.205172960964201,0.004633387445790836,2.1154767424769907,USD,dzoan,dzoan@gmail.com,False,2025-10-29T08:29:48.391888
APP_0097,26,115232.0,15,84368.0,24,113822.0,car,0,392,40056.0,47055.0,3,bank,0.34761177450707836,0.7412275307058324,1.34911340792716,0.03050657224717813,0.22775747669340002,USD,dzoan,dzoan@gmail.com,False,2025-10-29T08:29:48.391888
APP_0098,37,98759.0,1,76756.0,60,157871.0,real_estate,0,570,44418.0,131109.0,3,non-bank,0.44976154072033486,0.48619442456182277,2.056790348637213,0.012953418591169743,0.5814866932157711,USD,dzoan,dzoan@gmail.com,False,2025-10-29T08:29:48.391888
APP_0099,61,31268.0,2,8916.0,48,97708.0,car,2,422,1615.0,47342.0,3,non-bank,0.05165024945631151,0.09125148401359058,10.958725886046325,0.00594057822681733,2.5854342853279753,USD,dzoan,dzoan@gmail.com,False,2025-10-29T08:29:48.391888
APP_0100,39,36881.0,18,46209.0,12,169511.0,deposit,0,791,46483.0,44335.0,1,bank,1.260350858165417,0.2726017780556998,3.6683546495270694,0.10441012986846887,0.0,USD,dzoan,dzoan@gmail.com,False,2025-10-29T08:29:48.391888
APP_0101,26,90068.0,0,50573.0,60,109709.0,car,0,447,34971.0,265550.0,2,bank,0.3882733046142871,0.4609740313009829,2.169319597413597,0.009358299654919348,0.7153040131755896,USD,dzoan,dzoan@gmail.com,False,2025-10-29T08:29:48.391888
APP_0102,49,102020.0,1,49586.0,36,57986.0,real_estate,0,379,4991.0,240477.0,4,bank,0.04892178004312832,0.8551374469699435,1.1694026539748887,0.013501165348467112,0.16111517459844257,USD,dzoan,dzoan@gmail.com,False,2025-10-29T08:29:48.391888
APP_0103,63,45964.0,6,92298.0,60,51971.0,land,0,613,37657.0,74151.0,4,non-bank,0.8192716038638758,1.7759519732157978,0.5630782898870987,0.033467496300894795,0.0,USD,dzoan,dzoan@gmail.com,False,2025-10-29T08:29:48.391888
APP_0104,59,46411.0,26,19313.0,72,69918.0,real_estate,0,783,5370.0,252937.0,3,bank,0.11570532847816002,0.2762235761892463,3.6202557862577733,0.005779580511244744,1.9200949048469473,USD,dzoan,dzoan@gmail.com,False,2025-10-29T08:29:48.391888
APP_0105,33,41167.0,13,34102.0,48,122713.0,deposit,0,803,2543.0,29981.0,3,bank,0.06177277916777852,0.27790046694319037,3.5984106504016307,0.017257957425085988,2.032480314192406,USD,dzoan,dzoan@gmail.com,False,2025-10-29T08:29:48.391888
APP_0106,40,95618.0,21,22188.0,60,54556.0,deposit,0,352,5766.0,92475.0,4,bank,0.06030245351293626,0.4067013710682527,2.458806562105532,0.003867472651528298,1.370836947209856,USD,dzoan,dzoan@gmail.com,False,2025-10-29T08:29:48.391888
APP_0107,44,25981.0,12,28188.0,24,183521.0,deposit,1,479,22991.0,214769.0,3,bank,0.8849159000807942,0.15359550133227176,6.510607350645434,0.04520611215700002,0.2922230996902263,USD,dzoan,dzoan@gmail.com,False,2025-10-29T08:29:48.391888
APP_0108,31,96553.0,5,91174.0,24,100133.0,deposit,0,384,30978.0,98101.0,4,non-bank,0.32083933176596974,0.9105289964347326,1.098262662601168,0.039345402696015025,0.06673613559467868,USD,dzoan,dzoan@gmail.com,False,2025-10-29T08:29:48.391888
APP_0109,32,84491.0,11,94368.0,36,173748.0,real_estate,1,469,20366.0,221846.0,0,non-bank,0.24104342474346094,0.5431314317287075,1.8411749745676305,0.03102500068954667,0.6384152778893675,USD,dzoan,dzoan@gmail.com,False,2025-10-29T08:29:48.391888
APP_0110,31,83248.0,2,9241.0,72,139185.0,real_estate,0,593,6098.0,263556.0,1,bank,0.07325100903324916,0.06639364874088396,15.061681636184929,0.0015417454139491408,2.595656231968607,USD,dzoan,dzoan@gmail.com,False,2025-10-29T08:29:48.391888
APP_0111,64,109909.0,23,65048.0,48,72003.0,car,0,454,9958.0,29157.0,0,bank,0.0906022254774396,0.9034068024943279,1.1069210429221328,0.012329897157088335,0.09723375848304537,USD,dzoan,dzoan@gmail.com,False,2025-10-29T08:29:48.391888
APP_0112,53,90328.0,5,27120.0,36,51824.0,car,0,337,42619.0,16951.0,0,non-bank,0.47182490479142153,0.5233096634763715,1.9109144542772156,0.008339975791696918,0.4811223286147683,USD,dzoan,dzoan@gmail.com,False,2025-10-29T08:29:48.391888
APP_0113,57,115968.0,11,23293.0,60,150837.0,deposit,0,580,48131.0,282600.0,2,bank,0.41503690673288823,0.15442497530446672,6.475636457304492,0.003347618883314303,1.4838905461059406,USD,dzoan,dzoan@gmail.com,False,2025-10-29T08:29:48.391888
APP_0114,56,120490.0,29,32745.0,72,71501.0,land,2,329,37713.0,160932.0,1,bank,0.3129969292057406,0.45796562285841513,2.1835700106885882,0.0037745179405788555,0.8131162318430851,USD,dzoan,dzoan@gmail.com,False,2025-10-29T08:29:48.391888
APP_0115,63,140014.0,17,23466.0,72,55398.0,land,0,424,5170.0,156877.0,2,non-bank,0.0369248789406771,0.42358929925267297,2.360777294809411,0.0023277434161022305,1.3105307579334098,USD,dzoan,dzoan@gmail.com,False,2025-10-29T08:29:48.391888
APP_0116,25,124905.0,13,51568.0,24,186633.0,deposit,0,300,40990.0,144465.0,2,bank,0.3281694087506479,0.27630697679402744,3.6191630468506903,0.01720240716206014,1.458597334990499,USD,dzoan,dzoan@gmail.com,False,2025-10-29T08:29:48.391888
APP_0117,59,89713.0,16,99583.0,60,100664.0,land,0,347,34599.0,135747.0,3,bank,0.3856631703320546,0.9892613049352202,1.0108552664611328,0.01850029167053812,0.006668789982945384,USD,dzoan,dzoan@gmail.com,False,2025-10-29T08:29:48.391888
APP_0118,23,86519.0,23,60712.0,48,17325.0,car,1,539,26303.0,210136.0,4,bank,0.3040141471815404,3.504300144299942,0.2853636842798741,0.014619139533593407,0.0,USD,dzoan,dzoan@gmail.com,False,2025-10-29T08:29:48.391888
APP_0119,41,54463.0,7,73708.0,36,102995.0,car,0,767,7161.0,178126.0,4,bank,0.13148375961661804,0.7156463906014785,1.3973381451131301,0.03759331003410634,0.34509463195458273,USD,dzoan,dzoan@gmail.com,False,2025-10-29T08:29:48.391888
APP_0120,47,99949.0,19,51862.0,36,96467.0,land,0,726,49833.0,57383.0,1,bank,0.4985842779817657,0.5376138990535567,1.8600709575411312,0.01441346197631872,0.4312531001624153,USD,dzoan,dzoan@gmail.com,False,2025-10-29T08:29:48.391888
APP_0121,36,42391.0,26,6321.0,12,173881.0,real_estate,1,354,22130.0,191725.0,1,bank,0.522044773654773,0.03635244793853247,27.508463850652188,0.012425986647073476,1.381741151587688,USD,dzoan,dzoan@gmail.com,False,2025-10-29T08:29:48.391888
APP_0122,27,141404.0,17,12990.0,24,144619.0,land,1,319,2208.0,203815.0,3,bank,0.01561483409238766,0.08982222252954253,11.13310238645026,0.0038276852138372616,2.6878965074420345,USD,dzoan,dzoan@gmail.com,False,2025-10-29T08:29:48.391888
APP_0123,29,130630.0,13,30542.0,48,44740.0,land,2,485,10498.0,42944.0,0,non-bank,0.08036438796601025,0.6826553419758453,1.4648680505532885,0.004870945928602969,0.42750921418567167,USD,dzoan,dzoan@gmail.com,False,2025-10-29T08:29:48.391888
APP_0124,57,39966.0,4,28148.0,72,36887.0,land,0,658,20063.0,119252.0,2,bank,0.5020017014462168,0.7630872665166384,1.3104661077163098,0.009781925747860805,0.154611593401369,USD,dzoan,dzoan@gmail.com,False,2025-10-29T08:29:48.391888
APP_0125,35,123244.0,7,84855.0,72,123890.0,land,0,710,3116.0,239247.0,2,non-bank,0.02528317808574839,0.6849221083218929,1.46002003417593,0.009562669717392232,0.44838926572886717,USD,dzoan,dzoan@gmail.com,False,2025-10-29T08:29:48.391888
APP_0126,34,39637.0,28,85140.0,24,17095.0,deposit,0,752,16196.0,189427.0,0,bank,0.40860811867698343,4.980403626791168,0.20078693915902981,0.08949970986331202,0.0,USD,dzoan,dzoan@gmail.com,False,2025-10-29T08:29:48.391888
APP_0127,61,115153.0,16,86141.0,60,69251.0,deposit,1,488,23420.0,49547.0,3,bank,0.20338158797425857,1.2438953950123284,0.8039261211269801,0.012467615548960016,0.0,USD,dzoan,dzoan@gmail.com,False,2025-10-29T08:29:48.391888
APP_0128,27,35963.0,9,65570.0,12,34535.0,land,0,392,47432.0,21627.0,1,non-bank,1.318911103078127,1.8986535398870164,0.5266890346194826,0.1519385664769671,0.0,USD,dzoan,dzoan@gmail.com,False,2025-10-29T08:29:48.391888
APP_0129,61,86024.0,12,57836.0,60,11947.0,car,1,314,4318.0,178551.0,0,non-bank,0.05019529433646366,4.841047961831017,0.20656684418009189,0.011205400043211855,0.0,USD,dzoan,dzoan@gmail.com,False,2025-10-29T08:29:48.391888
APP_0130,61,107232.0,17,66669.0,36,184414.0,real_estate,0,380,28843.0,143900.0,3,bank,0.2689775440167089,0.36151810600062706,2.766113186038447,0.017270186759691206,1.2910683988023157,USD,dzoan,dzoan@gmail.com,False,2025-10-29T08:29:48.391888
APP_0131,47,116101.0,16,43646.0,36,25245.0,deposit,0,335,45788.0,288704.0,0,non-bank,0.3943807546877254,1.7288968112496839,0.5784035192228251,0.010442536144005659,0.0,USD,dzoan,dzoan@gmail.com,False,2025-10-29T08:29:48.391888
APP_0132,28,77326.0,20,68669.0,60,9777.0,deposit,1,773,40309.0,161452.0,3,bank,0.5212865013061516,7.023524598546893,0.1423786570359239,0.014800756968086335,0.0,USD,dzoan,dzoan@gmail.com,False,2025-10-29T08:29:48.391888
APP_0133,27,140202.0,7,80472.0,36,187115.0,land,0,447,46247.0,280131.0,0,bank,0.3298597737550083,0.430067071052559,2.3252187096132526,0.015943662239277793,0.888082365884333,USD,dzoan,dzoan@gmail.com,False,2025-10-29T08:29:48.391888
APP_0134,33,121790.0,19,77475.0,60,44157.0,deposit,1,752,8517.0,72154.0,2,bank,0.06993184990557459,1.7545349548202607,0.5699515972894408,0.010602266195734204,0.0,USD,dzoan,dzoan@gmail.com,False,2025-10-29T08:29:48.391888
APP_0135,46,51033.0,13,63313.0,48,164779.0,deposit,0,604,40067.0,139727.0,4,bank,0.7851194325240377,0.3842297865626058,2.6026092587619827,0.025846429434009915,0.3443695869650108,USD,dzoan,dzoan@gmail.com,False,2025-10-29T08:29:48.391888
APP_0136,27,108903.0,28,10520.0,72,14006.0,deposit,0,596,48931.0,50490.0,1,non-bank,0.44930809986868636,0.751106668570559,1.331368821292649,0.0013416628661201292,0.1824821258420143,USD,dzoan,dzoan@gmail.com,False,2025-10-29T08:29:48.391888
APP_0137,41,116316.0,4,73870.0,48,37482.0,land,0,550,16301.0,176526.0,3,bank,0.14014409023693955,1.9708126567418505,0.5074049005008731,0.013230839551749187,0.0,USD,dzoan,dzoan@gmail.com,False,2025-10-29T08:29:48.391888
APP_0138,26,66704.0,4,39827.0,24,29240.0,real_estate,0,750,24931.0,64657.0,3,bank,0.3737556968097809,1.3620725034199261,0.7341753082079813,0.024877943350686077,0.0,USD,dzoan,dzoan@gmail.com,False,2025-10-29T08:29:48.391888
APP_0139,44,117278.0,13,75648.0,60,143602.0,real_estate,0,323,26542.0,152756.0,4,bank,0.22631695629188572,0.526789320482998,1.8982920896784858,0.010750524394847933,0.6949933580813888,USD,dzoan,dzoan@gmail.com,False,2025-10-29T08:29:48.391888
APP_0140,21,137295.0,15,56255.0,36,127068.0,real_estate,0,351,24683.0,109800.0,0,non-bank,0.17978076404821605,0.4427157112727009,2.258785885699009,0.011381615418226965,1.0324803973949517,USD,dzoan,dzoan@gmail.com,False,2025-10-29T08:29:48.391888
APP_0141,52,127139.0,20,88712.0,48,99296.0,car,0,532,14489.0,63861.0,3,bank,0.11396188423693662,0.8934096036094012,1.1193074217693082,0.014536583319265911,0.10571092318104594,USD,dzoan,dzoan@gmail.com,False,2025-10-29T08:29:48.391888
APP_0142,23,120316.0,12,37153.0,12,54394.0,land,0,516,48544.0,38074.0,4,bank,0.40347086006848293,0.6830348935544236,1.464054046779494,0.025732931057176937,0.27682176140713854,USD,dzoan,dzoan@gmail.com,False,2025-10-29T08:29:48.391888
APP_0143,29,104312.0,27,93482.0,12,25061.0,car,0,600,47824.0,158495.0,3,bank,0.45847074162128554,3.7301783647897637,0.268083695256838,0.07468140449821124,0.0,USD,dzoan,dzoan@gmail.com,False,2025-10-29T08:29:48.391888
APP_0144,28,58816.0,14,85225.0,48,117288.0,real_estate,0,705,19036.0,284722.0,0,bank,0.3236534276387323,0.7266301752949941,1.3762158990906261,0.030187718193966154,0.2544523338177714,USD,dzoan,dzoan@gmail.com,False,2025-10-29T08:29:48.391888
APP_0145,57,124402.0,3,36455.0,24,52297.0,real_estate,0,623,40264.0,67636.0,4,bank,0.32366039131203417,0.6970763141289043,1.434563160060309,0.012210079687384696,0.2939122776254267,USD,dzoan,dzoan@gmail.com,False,2025-10-29T08:29:48.391888
APP_0146,23,70524.0,3,50844.0,72,121317.0,deposit,0,441,19876.0,127448.0,0,non-bank,0.28183313481934824,0.41910037340191053,2.38606325230111,0.010013139734797356,0.9954247008472068,USD,dzoan,dzoan@gmail.com,False,2025-10-29T08:29:48.391888
APP_0147,39,91524.0,29,55478.0,72,139993.0,deposit,0,480,39740.0,75135.0,2,bank,0.43420305056596703,0.39629124313358244,2.5233966617397434,0.008418860383801708,0.8619331839903503,USD,dzoan,dzoan@gmail.com,False,2025-10-29T08:29:48.391888
APP_0148,47,64304.0,4,78019.0,60,171091.0,car,1,713,29237.0,244601.0,2,bank,0.454668449863143,0.456008790643573,2.1929401812378755,0.02022139628397883,0.6505479182550039,USD,dzoan,dzoan@gmail.com,False,2025-10-29T08:29:48.391888
APP_0149,43,64127.0,28,70469.0,60,102845.0,deposit,1,410,23508.0,130321.0,2,bank,0.3665850577759701,0.685196168992166,1.459436064084896,0.018314958337576067,0.29101366798798534,USD,dzoan,dzoan@gmail.com,False,2025-10-29T08:29:48.391888
APP_0150,50,44701.0,8,85941.0,48,8910.0,land,0,577,6402.0,292580.0,2,non-bank,0.14321827252186434,9.645454545453463,0.10367577756833055,0.04005363414605175,0.0,USD,dzoan,dzoan@gmail.com,False,2025-10-29T08:29:48.391888
APP_0151,56,145162.0,2,40137.0,12,61888.0,deposit,0,596,32729.0,81098.0,0,bank,0.22546534216943676,0.648542528438459,1.5419189276726826,0.023041498461865005,0.41973499121689867,USD,dzoan,dzoan@gmail.com,False,2025-10-29T08:29:48.391888
APP_0152,38,43472.0,9,52955.0,36,171846.0,deposit,0,712,16054.0,33413.0,2,bank,0.3692951785056964,0.3081538121341183,3.245132659805434,0.03383723367181929,1.309052179258396,USD,dzoan,dzoan@gmail.com,False,2025-10-29T08:29:48.391888
APP_0153,57,35782.0,18,45932.0,36,110384.0,land,0,692,10842.0,178930.0,4,non-bank,0.30300150913866464,0.41611103058413884,2.4032047374378998,0.035657282679934385,0.9780315843637138,USD,dzoan,dzoan@gmail.com,False,2025-10-29T08:29:48.391888
APP_0154,34,142015.0,12,91407.0,72,126870.0,car,0,555,9660.0,198984.0,2,bank,0.06802098369890457,0.720477654291789,1.3879680987232772,0.008939489959856531,0.3615781270043439,USD,dzoan,dzoan@gmail.com,False,2025-10-29T08:29:48.391888
APP_0155,64,94376.0,23,33973.0,24,95902.0,land,0,470,49093.0,297314.0,1,non-bank,0.520185216580481,0.35424704385726724,2.822888764607105,0.014998958067810361,0.8746489777878518,USD,dzoan,dzoan@gmail.com,False,2025-10-29T08:29:48.391888
APP_0156,43,79738.0,18,60776.0,36,39246.0,car,0,502,5164.0,262708.0,4,bank,0.06476209586395364,1.548590939203956,0.645748321705926,0.021172116458593217,0.0,USD,dzoan,dzoan@gmail.com,False,2025-10-29T08:29:48.391888
APP_0157,53,117186.0,12,16415.0,36,180167.0,car,1,526,39926.0,266409.0,0,non-bank,0.3407062277063784,0.09110991469025909,10.97575388364234,0.0038910127678182757,1.797676718832392,USD,dzoan,dzoan@gmail.com,False,2025-10-29T08:29:48.391888
APP_0158,59,72914.0,19,85776.0,12,156403.0,land,0,420,43307.0,193927.0,2,bank,0.5939462928929891,0.5484293779531049,1.8233888267114131,0.09803329949535391,0.3343400854766688,USD,dzoan,dzoan@gmail.com,False,2025-10-29T08:29:48.391888
APP_0159,55,40990.0,29,41500.0,12,199075.0,land,0,643,1552.0,114346.0,2,bank,0.037862893388630456,0.2084641466783865,4.796987951807114,0.08437017157953293,2.2846980470820557,USD,dzoan,dzoan@gmail.com,False,2025-10-29T08:29:48.391888
APP_0160,58,116210.0,12,37356.0,36,172254.0,land,1,414,29466.0,134417.0,2,bank,0.25355821357886366,0.2168657912152971,4.611146803726186,0.008929237300041594,1.7536922934382702,USD,dzoan,dzoan@gmail.com,False,2025-10-29T08:29:48.391888
APP_0161,44,46999.0,4,60377.0,12,63897.0,car,2,656,28870.0,48786.0,4,non-bank,0.614268388689108,0.9449113416905185,1.0583003461582878,0.10705369616900945,0.02248828646363151,USD,dzoan,dzoan@gmail.com,False,2025-10-29T08:29:48.391888
APP_0162,22,94124.0,12,52387.0,12,56818.0,car,0,713,17933.0,135012.0,2,bank,0.1905252645446412,0.9220141504452652,1.084582052799338,0.0463811921823285,0.06846703481404491,USD,dzoan,dzoan@gmail.com,False,2025-10-29T08:29:48.391888
APP_0163,42,143633.0,25,85557.0,36,55707.0,real_estate,0,829,33335.0,115687.0,4,non-bank,0.23208454881538204,1.53583930206255,0.6511097864581431,0.01654622080766468,0.0,USD,dzoan,dzoan@gmail.com,False,2025-10-29T08:29:48.391888
APP_0164,28,142017.0,6,55484.0,24,184408.0,land,0,365,20433.0,20410.0,0,non-bank,0.14387714146897806,0.3008763177302487,3.3236248287794083,0.016278567588647774,1.7956072959945404,USD,dzoan,dzoan@gmail.com,False,2025-10-29T08:29:48.391888
APP_0165,60,70097.0,28,54114.0,48,114931.0,land,0,717,21984.0,69295.0,3,bank,0.3136225516070543,0.4708390251542189,2.1238681302435207,0.016083070601830278,0.771397739566717,USD,dzoan,dzoan@gmail.com,False,2025-10-29T08:29:48.391888
APP_0166,31,122537.0,17,14973.0,12,95255.0,deposit,2,347,21575.0,165034.0,2,bank,0.1760692688738897,0.15718859902367163,6.361784545514836,0.010182638712356355,2.0832546414235424,USD,dzoan,dzoan@gmail.com,False,2025-10-29T08:29:48.391888
APP_0167,31,101584.0,18,7084.0,24,193906.0,land,0,485,40033.0,117109.0,1,bank,0.39408765159867304,0.03653316555444372,27.372388481080268,0.002905641308221424,1.7513293567970982,USD,dzoan,dzoan@gmail.com,False,2025-10-29T08:29:48.391888
APP_0168,31,84921.0,9,42862.0,36,123857.0,car,0,396,31657.0,298127.0,1,bank,0.372781761872795,0.34606037607886236,2.889669170827239,0.01402022009959874,1.1852349679695768,USD,dzoan,dzoan@gmail.com,False,2025-10-29T08:29:48.391888
APP_0169,49,42491.0,27,99829.0,72,182610.0,real_estate,0,389,18952.0,148773.0,3,bank,0.44602386387704585,0.5466787141996575,1.8292279798455175,0.0326307662533148,0.45937251223987124,USD,dzoan,dzoan@gmail.com,False,2025-10-29T08:29:48.391888
APP_0170,46,72044.0,1,92147.0,48,197052.0,real_estate,0,396,46338.0,288025.0,3,bank,0.6431902726111731,0.46762783427724425,2.1384526897240046,0.026646621045842065,0.4062109938655045,USD,dzoan,dzoan@gmail.com,False,2025-10-29T08:29:48.391888
APP_0171,62,106489.0,8,64753.0,72,23253.0,car,1,324,40102.0,201606.0,3,non-bank,0.3765834968869989,2.7847159506299066,0.35910305314038954,0.008445447156135589,0.0,USD,dzoan,dzoan@gmail.com,False,2025-10-29T08:29:48.391888
APP_0172,39,148328.0,12,64929.0,36,77414.0,car,0,752,46638.0,21715.0,0,bank,0.3144247883069932,0.8387242617614277,1.1922869596020085,0.012159425956550497,0.131827173034971,USD,dzoan,dzoan@gmail.com,False,2025-10-29T08:29:48.391888
APP_0173,33,25611.0,14,42192.0,36,148954.0,car,0,333,36525.0,68999.0,2,non-bank,1.4261450158134619,0.28325523315922846,3.5303849070913085,0.04576158681689114,0.0,USD,dzoan,dzoan@gmail.com,False,2025-10-29T08:29:48.391888
APP_0174,23,114720.0,14,21863.0,36,164126.0,car,1,519,19574.0,214681.0,4,bank,0.17062412831241133,0.1332086323921857,7.507020994373713,0.005293807143816952,2.156687538243024,USD,dzoan,dzoan@gmail.com,False,2025-10-29T08:29:48.391888
APP_0175,21,130792.0,4,5811.0,72,36509.0,deposit,1,684,38647.0,168084.0,0,non-bank,0.2954844332986704,0.15916623298364352,6.282739631731839,0.0006170739290798502,1.7771414336134264,USD,dzoan,dzoan@gmail.com,False,2025-10-29T08:29:48.391888
APP_0176,37,143899.0,6,37191.0,72,69132.0,real_estate,0,844,16463.0,97511.0,2,non-bank,0.11440663242968949,0.5379708383961039,1.8588368153585046,0.0035896126217658834,0.7605801875067357,USD,dzoan,dzoan@gmail.com,False,2025-10-29T08:29:48.391888
APP_0177,61,77975.0,2,35064.0,72,113249.0,car,0,769,13546.0,161404.0,2,bank,0.1737223469060574,0.30961862797905226,3.2297798311657764,0.006245591535661813,1.7113400994397345,USD,dzoan,dzoan@gmail.com,False,2025-10-29T08:29:48.391888
APP_0178,44,39809.0,17,23202.0,60,161448.0,real_estate,0,375,22552.0,271866.0,4,bank,0.5665050616694576,0.1437119072394818,6.958365658132619,0.009713883794959565,1.113589661893196,USD,dzoan,dzoan@gmail.com,False,2025-10-29T08:29:48.391888
APP_0179,60,58870.0,10,29620.0,48,29689.0,car,0,843,48465.0,122725.0,1,bank,0.8232546288431999,0.9976759069015124,1.0023295070897704,0.010482135779182385,0.0004117295952057778,USD,dzoan,dzoan@gmail.com,False,2025-10-29T08:29:48.391888
APP_0180,25,131316.0,16,7358.0,48,123340.0,land,0,659,28396.0,23083.0,2,bank,0.21624173748819478,0.05965623479811853,16.762707257404625,0.0011673494978789482,2.211006586735307,USD,dzoan,dzoan@gmail.com,False,2025-10-29T08:29:48.391888
APP_0181,25,134741.0,17,62756.0,72,64917.0,real_estate,0,398,19184.0,100178.0,3,bank,0.14237685633919786,0.9667113390945212,1.034434954426652,0.006468789092399485,0.02953221386722851,USD,dzoan,dzoan@gmail.com,False,2025-10-29T08:29:48.391888
APP_0182,57,104634.0,21,93108.0,24,49540.0,car,1,546,23090.0,281403.0,0,bank,0.22067396830857827,1.8794509487282625,0.5320702839712964,0.03707685838100729,0.0,USD,dzoan,dzoan@gmail.com,False,2025-10-29T08:29:48.391888
APP_0183,25,40342.0,16,70625.0,36,106956.0,real_estate,1,804,14560.0,230915.0,4,bank,0.36091418372910716,0.6603182617150916,1.5144212389380316,0.04862935787767123,0.328759317393811,USD,dzoan,dzoan@gmail.com,False,2025-10-29T08:29:48.391888
APP_0184,23,40240.0,19,47579.0,72,87493.0,deposit,1,516,32937.0,252867.0,4,bank,0.8185139165009737,0.5438035042803362,1.838899514491649,0.01642195438457381,0.1522485873343299,USD,dzoan,dzoan@gmail.com,False,2025-10-29T08:29:48.391888
APP_0185,38,84771.0,17,44925.0,36,130056.0,land,2,401,17521.0,274365.0,3,bank,0.20668624883509445,0.34542812326997335,2.8949582637728906,0.014721032742706678,1.503296448534632,USD,dzoan,dzoan@gmail.com,False,2025-10-29T08:29:48.391888
APP_0186,61,98532.0,19,34215.0,24,68986.0,real_estate,1,781,27719.0,44076.0,3,bank,0.2813197742865233,0.4959701968515279,2.0162501826683616,0.014468649778149071,0.7303589106614914,USD,dzoan,dzoan@gmail.com,False,2025-10-29T08:29:48.391888
APP_0187,51,29047.0,18,18528.0,48,166068.0,real_estate,1,824,18490.0,91975.0,3,bank,0.6365545495231646,0.11156875496784384,8.96308290155392,0.01328880779398716,0.9686888822052233,USD,dzoan,dzoan@gmail.com,False,2025-10-29T08:29:48.391888
APP_0188,25,110762.0,9,61855.0,24,22996.0,real_estate,1,836,16035.0,27349.0,3,non-bank,0.1447698669218672,2.6898156201077277,0.37177269420418124,0.02326873536555187,0.0,USD,dzoan,dzoan@gmail.com,False,2025-10-29T08:29:48.391888
APP_0189,57,93063.0,7,58819.0,72,173480.0,car,0,825,48511.0,11373.0,4,bank,0.5212705371629914,0.3390534931980612,2.9493871028068663,0.00877825296352149,0.9332290405881344,USD,dzoan,dzoan@gmail.com,False,2025-10-29T08:29:48.391888
APP_0190,58,26537.0,23,5694.0,72,13728.0,deposit,0,780,17286.0,252065.0,2,non-bank,0.6513923955232072,0.41477272727269704,2.4109589041091652,0.0029801158130998966,0.4918710035767836,USD,dzoan,dzoan@gmail.com,False,2025-10-29T08:29:48.391888
APP_0191,56,36959.0,10,44474.0,24,149291.0,land,0,549,3526.0,281714.0,2,bank,0.09540301415081319,0.297901414016918,3.3568152178800346,0.05013889264471635,1.9053487939478162,USD,dzoan,dzoan@gmail.com,False,2025-10-29T08:29:48.391888
APP_0192,60,81789.0,16,31412.0,48,74523.0,deposit,0,405,18929.0,55169.0,3,non-bank,0.2314369903043168,0.42150745407457535,2.3724372851138935,0.008001279715524398,1.0548045304657412,USD,dzoan,dzoan@gmail.com,False,2025-10-29T08:29:48.391888
APP_0193,31,115323.0,5,21176.0,72,81600.0,car,0,639,26607.0,219429.0,0,non-bank,0.23071720298639273,0.2595098039215654,3.853418964865704,0.0025503248363901707,1.7089391076011178,USD,dzoan,dzoan@gmail.com,False,2025-10-29T08:29:48.391888
APP_0194,64,128174.0,12,71788.0,60,11654.0,car,0,421,4731.0,165120.0,4,bank,0.03691076193299704,6.159945083232696,0.16233910960048806,0.00933470646657447,0.0,USD,dzoan,dzoan@gmail.com,False,2025-10-29T08:29:48.391888
APP_0195,35,78912.0,15,54953.0,24,142803.0,car,0,560,15284.0,30075.0,3,non-bank,0.19368410381183856,0.3848168455844739,2.598638836824148,0.029015971376189928,1.2890079063950832,USD,dzoan,dzoan@gmail.com,False,2025-10-29T08:29:48.391888
APP_0196,56,61919.0,18,65208.0,48,39773.0,real_estate,0,660,8303.0,275566.0,3,non-bank,0.13409454287052225,1.6395041862569675,0.6099404980983835,0.021939953810166123,0.0,USD,dzoan,dzoan@gmail.com,False,2025-10-29T08:29:48.391888
APP_0197,46,146038.0,15,72780.0,48,134558.0,deposit,0,820,25032.0,262659.0,1,bank,0.17140744189868273,0.5408819988406447,1.8488320967298453,0.010382571659214735,0.7033359584279048,USD,dzoan,dzoan@gmail.com,False,2025-10-29T08:29:48.391888
APP_0198,55,82318.0,10,98271.0,48,147235.0,real_estate,1,458,36155.0,174559.0,1,bank,0.43921135110181925,0.6674432030427503,1.4982548259404962,0.024870775528527452,0.2794156506461786,USD,dzoan,dzoan@gmail.com,False,2025-10-29T08:29:48.391888
APP_0199,48,64423.0,28,81262.0,12,170285.0,car,1,438,48424.0,215287.0,2,non-bank,0.7516570169038892,0.4772117332706905,2.095505894514015,0.10511515037748799,0.2720612018429883,USD,dzoan,dzoan@gmail.com,False,2025-10-29T08:29:48.391888
APP_0200,49,80289.0,15,63933.0,24,143953.0,land,0,704,19454.0,125197.0,3,bank,0.2422996923613416,0.44412412384597444,2.2516227926109798,0.033178579878799984,0.948354975008913,USD,dzoan,dzoan@gmail.com,False,2025-10-29T08:29:48.391888
